                              Estimate Std. Error  t value     Pr(>|t|)    
Time_to_treat::-1:Buffer::OUT 0.008064   0.014042 0.574296 0.5661278594    
Time_to_treat::-2:Buffer::OUT 0.000268   0.017319 0.015456 0.9876771124    
Time_to_treat::-3:Buffer::OUT 0.030935   0.020769 1.489467 0.1372449746    
Time_to_treat::1:Buffer::OUT  0.010169   0.011835 0.859197 0.3908066632    
Time_to_treat::2:Buffer::OUT  0.082141   0.017674 4.647681 0.0000047261 ***
Time_to_treat::3:Buffer::OUT  0.095941   0.024886 3.855218 0.0001370540 ***
   
Time_to_treat::-1:Buffer::OUT 0.005316   0.010501 0.506230 0.612872479259    
Time_to_treat::-2:Buffer::OUT 0.001507   0.012927 0.116565 0.907242161643    
Time_to_treat::-3:Buffer::OUT 0.016469   0.014973 1.099878 0.271805305345    
Time_to_treat::1:Buffer::OUT  0.001852   0.009740 0.190111 0.849283419092    
Time_to_treat::2:Buffer::OUT  0.074275   0.013194 5.629576 0.000000027219 ***
Time_to_treat::3:Buffer::OUT  0.066130   0.019037 3.473675 0.000548575342 ***

Time_to_treat::-1:Buffer::OUT -0.003777   0.009068 -0.416579 0.677089636790685    
Time_to_treat::-2:Buffer::OUT -0.009475   0.011247 -0.842390 0.399801580946920    
Time_to_treat::-3:Buffer::OUT  0.005814   0.013198  0.440482 0.659698007731298    
Time_to_treat::1:Buffer::OUT   0.009683   0.008696  1.113445 0.265825628810185    
Time_to_treat::2:Buffer::OUT   0.078972   0.011782  6.702599 0.000000000036824 ***
Time_to_treat::3:Buffer::OUT   0.073460   0.016326  4.499527 0.000007737175845 ***

Time_to_treat::-1:Buffer::OUT -0.005103   0.008069 -0.632414 0.527246527440427326    
Time_to_treat::-2:Buffer::OUT -0.012242   0.010277 -1.191135 0.233854836362182184    
Time_to_treat::-3:Buffer::OUT  0.002014   0.011838  0.170113 0.864952187648483695    
Time_to_treat::1:Buffer::OUT   0.012316   0.007787  1.581607 0.114023904681974278    
Time_to_treat::2:Buffer::OUT   0.083306   0.011010  7.566445 0.000000000000080241 ***
Time_to_treat::3:Buffer::OUT   0.072422   0.015265  4.744237 0.000002365311527555 ***